2995774
2994922
2969472
2891580
2813180
2783076
2712456
2677610
2735843
2775951
2796229
2747049
2782276
2787662
2751554
2699192
2638519
2614285
2519688
2491577
2550636
2577052
2600732
2566904
2577189
2553346
2524004
2442803
2369889
2332016
2250015
2235296
2256328
2267925
2270240
2233259
2251728
2233082
2202337
2144375
2076942
2045950
1980957
1980966
2002552
2019968
2055809
2027982
2090035
2079752
2042332
1983994
1929028
1903053
1892683
1888386
1908120
1934130
1962794
1947242
2017389
1993274
1981006
1910453
1898285
1842556
1835738
1878513
1889185
1940909
1985857
1988715
2075022
2149908
2083103
2060070
2002924
1962963
1961852
1983982
2006786
2064512
2117144
2127018
2185156
2180216
2163498
2104475
2035601
2020367
1995964
2016675
2039630
2096606
2143206
2181248
2232560
2219300
2181546
2162405
2090702
2054113
2014218
2049639
2050514
2075811
2121089
2112715
2176599
2165420
2144835
2095945
2007393
1974860
1989417
2019110
2013286
2052861
2095580
2102937
2171503
2169277
2148530
2075676
2004528
1959754
1954984
1983677
1966166
1992836
2023164
2022873
2082508
2075275
2059451
2023124
1973231
1965869
1970338
2028296
2017363
2048577
2094473
2129547
2261925
2315331
2300975
2338517
2353575
2390424
2426916
2530001
2625368
2818026
2989269
3128963
3327801
3481859
3605402
3644880
3620139
3564889
3544095
3629080
3709447
3808353
3868946
3923603
4048493
4130625
4166613
4142425
4066202
3982368
3908578
3969661
4017763
4085976
4110294
4100073
4231003
4299263
4333669
4269360
4189659
4121801
4079742
4130927
4226744
4360926
4420462
4422359
4599829
4712098
4750867
4744235
4714122
4615269
4587455
4625634
4705279
4833521
4907817
4848723
4980778
5040222
5035243
4989193
4890928
4763680
4698814
4698783
4724355
4811383
4808908
4701338
4814435
4812486
4795866
4684301
4572385
4449701
4419860
4427930
4447650
4526804
4512116
4447711
4525691
4512153
4451939
4333016
4215031
4120304
4046276
4067955
4094042
4176369
4149298
4093508
4150755
4152986
4094770
4011171
3891403
3767054
3683061
3697496
3720297
3764982
3789823
3702974
3760231
3750876
3702317
3573036
3461128
3362811
3335924
3382324
3410182
3467026
3474281
3412781
3476528
3470248
3422551
3335868
3252130
3162162
3135021
3182068
3202509
3254703
3252867
3202297
3285761
3289040
3255084
3163566
3079491
3015686
3011433
3065804
3079711
3177659
3198184
3163605
