8220.878
7595.769
7741.177
7105.605
7150.665
7231.934
7626.029
7917.376
7135.603
7224.257
7572.344
8410.369
8776.63
8104.036
8191.764
7361.874
7463.086
7446.037
7757.824
7869.465
7147.23
7617.369
7795.702
8404.841
8823.7
7787.03
7985.143
7523.07
7476.443
7465.957
8090.949
7909.852
7412.827
7677.182
7749.811
8606.325
8607.435
7644.977
8168.636
7510.1
7574.499
7714.753
8276.438
8225.681
7615.075
7608.855
7505.878
8468.992
8911.855
7808.513
8369.503
7655.639
7622.282
7804.107
8368.269
8376.902
7611.086
7713.48
7633.343
8670.981
8945.501
8402.201
8293.297
7669.702
8025.769
8002.823
8230.4
8542.555
7692.325
7760.532
7939.985
9198.444
9229.006
8072.48
8473.229
7638.084
7629.039
7652.567
8144.373
8303.252
7400.553
7717.429
7543.838
8259.887
8792.688
7856.614
8359.268
7758.503
7800.424
7890.047
8425.776
8344.959
7660.314
7801.558
8013.087
8832.157
9233.318
8431.296
8382.899
7668.238
7663.905
7642.514
8272.424
8391.317
7605.774
7781.214
7835.603
8926.274
9350.298
8733.804
8430.957
7793.662
7966.3
7982.271
8406.324
8354.273
7830.376
7947.527
8050.403
9156.174
9287.418
8283.701
8726.267
7714.719
7939.011
8172.057
8580.731
8687.8
7789.263
7782.699
7939.534
9198.377
8815.171
8190.411
8584.267
7709.145
7956.185
8146.035
8632.105
8731.247
7785.737
8019.657
8028.304
8793.276
9217.768
8750.81
8555.117
7915.944
8013.552
8090.346
8483.25
8812.44
7933.669
7964.517
8074.162
9081.788
9410.257
8649.724
8584.292
7832.058
7889.818
8036.609
8411.883
8211.797
7348.798
7779.822
7805.094
8793.558
9126.331
7866.567
8045.493
7334.381
7280.212
7530.563
7807.59
7955.155
7263.665
7463.33
7437.943
8830.987
9122.003
8200.794
8189.458
7361.613
7665.853
7998.029
8366.192
8430.64
7682.208
7489.678
7786.059
9220.46
9286.667
8096.736
8324.921
7486.093
7569.009
7879.753
8370.853
8394.758
7551.846
7565.538
7775.403
8568.543
8666.177
7954.314
7663.253
7205.098
7599.815
7723.783
8285.373
8220.334
7358.747
7564.168
7757.723
8384.444
8971.788
8007.093
8372.91
7513.287
7604.23
7714.798
8262.327
8161.136
7629.311
7706.474
8119.416
9062.372
9585.751
8422.8
8516.748
7551.179
7643.127
7771.644
8222.511
8198.103
7637.266
7754.396
8192.05
8792.472
9293.482
8606.325
8428.977
7463.809
7641.05
7894.165
8424.794
8307.895
7681.852
7611.633
7671.426
8366.685
9052.889
8223.239
7981.331
7444.468
7574.891
7927.159
8458.181
8528.556
7742.548
7647.13
7710.295
9072.657
8973.715
7619.413
8428.467
7450.868
7791.297
7956.845
8419.964
8290.343
7616.071
7806.398
8095.031
9185.328
9661.551
8060.978
8701.978
7882.994
7982.831
8139.591
8606.261
8685.744
7860.081
8083.374
8512.597
9025.437
9544.294
8388.315
8704.571
7672.541
7948.584
7914.585
8559.097
8562.283
7863.92
7938.583
8392.87
8944.432