3.062
3.03
3.046
2.756
2.683
2.836
3.03
3.236
3.301
3.687
3.691
3.829
3.949
4.111
4.267
4.365
4.863
4.965
5.105
5.248
5.219
5.22
5.193
4.881
4.574
4.591
4.471
4.481
4.52
4.312
4.311
4.108
3.77
3.369
3.198
3.298
3.483
3.594
3.816
3.86
3.963
3.869
3.645
3.44
3.236
3.126
3.017
2.873
2.705
2.504
2.411
2.447
2.252
2.014
2.076
2.279
2.258
2.303
2.41
2.381
2.216
2.163
2.055
2.163
2.297
2.404
2.361
2.302
2.377
2.316
2.328
2.301
2.312
2.31
2.335
2.265
2.193
2.103
2.168
2.223
2.22
2.414
2.684
2.783
2.833
2.914
3.105
3.221
3.308
3.401
3.539
3.615
3.715
3.799
3.864
3.921
4.064
4.094
4.106
4.253
4.373
4.505
4.564
4.666
4.725
4.647
4.607
4.793
4.498
4.349
4.59
4.82
4.994
5.361
5.393
5.323
5.384
5.248
4.35
3.452
2.622
2.135
1.909
1.771
1.644
1.61
1.412
1.334
1.261
1.243
1.231
1.242
1.232
1.225
1.215
1.225
1.249
1.281
1.373
1.421
1.42
1.495
1.541
1.526
1.55
1.714
1.924
2.086
2.147
2.144
2.183
2.097
2.067
2.11
2.044
2.004
1.837
1.678
1.499
1.368
1.266
1.219
1.061
0.877
0.74
0.65
0.588
0.549
0.575
0.594
0.545
0.528
0.484
0.507
0.525
0.542
0.543
0.541
0.506
0.543
0.562
0.549
0.577
0.604
0.592
0.513
0.488
0.469
0.362
0.338
0.335
0.329
0.298
0.255
0.212
0.18
0.165
0.163
0.167
0.161
0.154
0.128
0.079
0.059
0.042
-0.008
-0.012
-0.01
-0.013
-0.028
-0.056
-0.048
-0.057
-0.069
-0.074
-0.08
-0.095
-0.106
-0.11
-0.119
-0.127
-0.149
-0.154
-0.156
-0.168
-0.18
-0.189
-0.19
-0.189
-0.191
-0.191
-0.19
-0.188
-0.181
-0.18
-0.169
-0.166
-0.154
-0.147
-0.129
-0.116
-0.108
-0.109
-0.112
-0.134
-0.190
-0.283
-0.356
-0.339
-0.304
-0.272
-0.261