1.241
1.259
1.317
1.341
1.322
1.331
1.345
1.304
1.289
1.322
1.324
1.304
1.292
1.289
1.281
1.264
1.247
1.253
1.271
1.283
1.269
1.258
1.277
1.250
1.216
1.166
1.150
1.145
1.149
1.137
1.105
1.073
1.100
1.120
1.139
1.112
1.088
1.088
1.084
1.091
1.109
1.101
1.097
1.102
1.154
1.194
1.164
1.172
1.161
1.121
1.088
1.07
1.063
1.038
1.035
1.06
1.05
1.071
1.034
1.011
1.014
0.983
0.964
0.947
0.906
0.949
0.94
0.904
0.872
0.855
0.856
0.897
0.938
0.922
0.91
0.892
0.874
0.853
0.861
0.9
0.911
0.906
0.888
0.892
0.883
0.87
0.876
0.886
0.917
0.955
0.992
0.978
0.981
0.981
1.001
1.018
1.062
1.077
1.081
1.085
1.158
1.166
1.137
1.114
1.122
1.169
1.17
1.229
1.261
1.265
1.226
1.199
1.201
1.214
1.227
1.218
1.222
1.249
1.299
1.341
1.312
1.301
1.32
1.294
1.269
1.216
1.204
1.229
1.226
1.201
1.179
1.186
1.21
1.194
1.202
1.227
1.277
1.265
1.268
1.281
1.273
1.261
1.288
1.321
1.3
1.307
1.324
1.352
1.351
1.342
1.372
1.362
1.39
1.423
1.468
1.457
1.472
1.475
1.553
1.575
1.556
1.555
1.577
1.498
1.437
1.332
1.273
1.345
1.324
1.278
1.305
1.319
1.365
1.402
1.409
1.427
1.456
1.482
1.491
1.461
1.427
1.369
1.357
1.341
1.257
1.221
1.277
1.289
1.307
1.39
1.366
1.322
1.336
1.365
1.4
1.444
1.435
1.439
1.426
1.434
1.377
1.371
1.356
1.318
1.29
1.322
1.32
1.316
1.279
1.253
1.229
1.24
1.286
1.297
1.283
1.312
1.329
1.336
1.296
1.303
1.298
1.319
1.308
1.331
1.335
1.363
1.349
1.37
1.361
1.366
1.382
1.381
1.373
1.359
1.354
1.332
1.29
1.267
1.247
1.233
1.162
1.135
1.084
1.078
1.115
1.121
1.1
1.114
1.122
1.124
1.074
1.088
1.086
1.109
1.11
1.134
1.131
1.123
1.107
1.121
1.121
1.103
1.08
1.054
1.061
1.064
1.068
1.072
1.106
1.123
1.151
1.181
1.191
1.176
1.174
1.184
1.22
1.235
1.234
1.228
1.181
1.168
1.169
1.155
1.166
1.148
1.137
1.138
1.142
1.135
1.13
1.124
1.118
1.129
1.122
1.113
1.1
1.105
1.105
1.111