52.994
54.226
56.006
55.801
56.348
57.718
58.197
58.745
61.963
63.332
62.853
60.799
57.581
57.375
57.512
57.786
58.539
59.019
58.129
57.307
57.581
56.075
54.431
53.610
55.253
55.184
55.732
56.896
57.033
56.143
55.938
56.554
57.581
58.402
56.896
57.170
59.224
59.909
60.936
57.649
55.869
55.801
56.075
56.622
56.280
56.417
56.622
56.417
57.170
56.828
57.649
58.334
59.635
59.498
59.909
61.483
62.237
64.085
63.537
62.237
61.963
62.921
64.975
66.550
66.139
67.303
69.083
71.274
73.123
73.534
72.780
71.959
73.328
74.150
74.218
75.314
76.135
75.588
77.025
77.025
74.971
73.260
72.712
72.712
73.465
73.328
74.081
74.629
75.245
75.519
76.067
75.862
76.204
77.368
79.285
80.106
81.613
81.407
83.256
84.557
88.323
91.472
96.881
93.458
91.404
88.870
82.708
77.368
79.833
79.833
79.079
78.806
79.696
82.229
81.407
82.708
80.928
81.407
82.092
82.229
84.899
85.049
87.181
89.584
89.834
89.882
89.814
89.140
88.969
89.911
90.952
93.643
98.131
99.499
101.798
102.916
101.481
101.600
104.170
102.596
103.660
104.686
105.611
106.175
112.022
113.718
115.478
111.755
111.025
108.942
112.238
115.899
114.122
113.450
111.548
111.226
115.231
115.869
109.678
105.366
110.701
111.238
115.421
115.151
116.012
114.734
111.703
116.898
110.794
107.103
107.776
107.935
111.253
114.730
114.624
110.851
113.238
110.159
105.613
101.321
99.257
100.241
101.164
102.137
102.930
106.266
106.538
99.913
97.042
95.382
95.735
93.396
84.351
81.265
83.304
82.246
84.386
90.683
90.056
89.424
90.918
96.113
95.932
101.183
106.788
100.474
95.546
95.440
95.551
95.750
95.253
94.877
96.831
99.886
101.979
102.312
102.049
101.622
98.049
100.154
104.459
107.167
108.915
110.299
113.055
112.997
109.641
106.818
107.057
106.923
105.603
107.296
107.574
103.934
106.334
101.425
101.778
103.694
101.909
99.902