105.9
99.7 
109.5
96.9 
108.1
108.1
105.3
60.4 
103.4
106.7
110.1
93.2 
104.7
99.8 
97.7 
103.1
104.9
103.3
105.4
59.5 
103.8
112.8
107.1
96.2 
101.2
102.0
105.2
99.2 
101.2
103.8
105.4
59.4 
99.7 
101.6
98.2 
87.5 
88.9 
91.1 
98.9 
91.1 
96.2 
97.7 
98.4 
57.3 
98.2 
98.1 
100.5
92.9 
92.0 
96.0 
104.5
97.9 
103.0
106.4
103.6
64.8 
105.8
105.3
110.1
100.8
105.2
102.5
115.1
98.3 
113.0
113.8
107.2
68.0 
106.6
109.1
111.4
96.0 
103.6
103.4
107.4
99.2 
109.5
107.2
111.4
67.0 
105.7
115.8
109.6
97.7 
106.7
103.0
107.3
116.8
112.6
115.3
120.6
72.3 
116.8
126.1
116.6
108.0
111.5
115.2
122.4
113.4
118.9
125.0
127.6
77.3 
121.0
124.8
123.2
113.0
113.9
115.1
124.8
115.9
122.5
127.2
129.5
81.8 
126.1
124.6
129.6
119.1
119.6
126.3
137.5
115.8
134.3
134.0
129.6
87.8 
126.2
128.0
134.6
113.4
125.3
122.0
132.6
115.4
133.1
130.7
129.1
90.6 
122.5
131.8
128.1
108.5
122.5
120.5
118.2
128.2
130.3
123.7
133.7
86.8 
125.3
138.5
128.8
112.0
122.3
122.9
129.8
122.3
128.5
129.0
136.4
85.4 
128.1
139.4
129.9
116.6
118.6
125.2
139.3
123.6
132.1
136.6
136.6
90.3 
133.5
129.8
136.0
118.2
119.6
123.9
130.2
132.6
132.4
136.5
131.9
94.0 
133.8
129.8
137.4
120.0
128.2
129.0
146.3
120.1
141.3
143.1
136.7
96.8 
134.6
138.4
142.3
121.0
136.7
132.9
147.8
126.2
146.0
143.2
142.8
99.1 
132.8
145.8
141.2
121.3
135.6
138.0
125.2
141.3
133.7
127.6
140.2
87.7 
126.6
128.0
115.3
101.9
102.4
104.5
108.3
101.2
103.9
109.3
116.5
78.4 
110.5
111.6
110.7
100.3
97.3 
102.5
115.7
104.3
109.2
112.9
113.8
81.1 
109.2
107.7
114.6
100.7
101.2
105.0
116.1
99.1 
109.0
110.2
109.3
83.7 
108.0
102.5
105.5
94.4 
98.5 
101.4
104.1
91.4 
103.7
102.1
104.4
80.7 
94.5 
101.9
97.2 
84.8 
95.0 
92.6 
93.3 
97.0 
100.6
97.3 
105.4
77.2 
98.0 
103.1
97.1 
88.3 
94.7 
95.2 
100.9
95.0 
101.2
100.0
106.5
75.3 
101.5
104.0
96.8 
91.0 
92.5 
96.3 
105.9
97.3 
102.5
107.4
112.9
79.1 
105.4
103.9
102.7
94.2 
95.4 
102.7
104.9
106.3
105.0
106.3
104.1
83.7 
106.3
102.5
107.6
94.1 
101.9
101.3
114.7
94.8 
111.4
111.0
107.0
85.9 
106.5
109.5
112.7
97.0 
105.3
104.1
110.5
105.3
112.8
108.6
110.8
86.8 
103.3
113.6
109.0
93.0 
107.6
104.1
110.3
103.2
114.6
106.5
114.7
85.9 
106.4
114.6
108.3
95.1 